date,cum_diagnoses,cum_deaths,new_diagnoses,new_deaths,new_tests
2020/03/05,1,0,0,0,7
2020/03/06,1,0,0,0,8
2020/03/07,1,0,0,0,0
2020/03/08,2,0,1,0,0
2020/03/09,6,0,4,0,0
2020/03/10,6,0,0,0,78
2020/03/11,7,0,1,0,39
2020/03/12,8,0,1,0,15
2020/03/13,10,0,2,0,18
2020/03/14,11,0,1,0,88
2020/03/15,12,0,1,0,178
2020/03/16,12,0,0,0,97
2020/03/17,16,0,4,0,31
2020/03/18,19,0,3,0,338
2020/03/19,22,0,3,0,308
2020/03/20,23,0,1,0,190
2020/03/21,26,0,3,0,363
2020/03/22,35,0,9,0,672
2020/03/23,60,0,25,0,521
2020/03/24,80,0,20,0,0
2020/03/25,91,0,11,0,949
2020/03/26,134,0,43,0,1549
2020/03/27,145,0,11,0,658
2020/03/28,156,1,11,1,697
2020/03/29,167,1,11,0,541
2020/03/30,171,1,4,0,511
2020/03/31,179,2,8,1,618
2020/04/01,186,2,7,0,705
2020/04/02,206,2,20,0,460
2020/04/03,215,6,9,4,687
2020/04/04,232,6,17,0,564
2020/04/05,246,7,14,1,235
2020/04/06,257,7,11,0,0
2020/04/07,305,8,48,1,1091
2020/04/08,354,9,49,1,979
2020/04/09,387,9,33,0,798
2020/04/10,412,12,25,3,389
2020/04/11,418,12,6,0,967
2020/04/12,443,12,25,0,687
2020/04/13,465,12,22,0,687
2020/04/14,489,12,24,0,645
2020/04/15,519,18,30,6,671
2020/04/16,539,20,20,2,873
2020/04/17,591,20,52,0,1108
2020/04/18,604,21,13,1,1416
2020/04/19,617,22,13,1,1250
2020/04/20,639,23,22,1,1306
2020/04/21,671,23,32,0,1042
2020/04/22,758,25,87,2,1313
2020/04/23,807,27,49,2,1882
2020/04/24,841,29,34,2,1694
2020/04/25,841,29,0,0,1655
2020/04/26,863,29,22,0,1467
2020/04/27,902,30,39,1,1887
2020/04/28,919,30,17,0,1350
2020/04/29,956,32,37,2,2234
2020/04/30,980,32,24,0,1998
2020/05/01,1006,32,26,0,1919
2020/05/02,1051,34,45,2,2528
2020/05/03,1076,34,25,0,2893
2020/05/04,1106,35,30,1,2265
2020/05/05,1142,36,36,1,2021
2020/05/06,1149,38,7,2,2173
2020/05/07,1204,40,55,2,2454
2020/05/08,1253,42,49,2,2996
2020/05/09,1308,42,55,0,3136
2020/05/10,1353,43,45,1,3315
2020/05/11,1372,44,19,1,2829
2020/05/12,1394,44,22,0,2618
2020/05/13,1413,44,19,0,3199
2020/05/14,1444,44,31,0,3201
2020/05/15,1482,45,38,1,3560
2020/05/16,1498,45,16,0,3458
2020/05/17,1543,45,45,0,4094
2020/05/18,1567,45,24,0,2727
2020/05/19,1616,46,49,1,2600
2020/05/20,1650,46,34,0,3314
2020/05/21,1693,46,43,0,3759
2020/05/22,1735,47,42,1,3380
2020/05/23,1777,48,42,1,4098
2020/05/24,1815,49,38,1,3743
2020/05/25,1882,49,67,0,2482
2020/05/26,1927,49,45,0,1770
2020/05/27,2186,49,259,0,5571
2020/05/28,2349,50,163,1,3981
2020/05/29,2428,50,79,0,4697
2020/05/30,2476,52,48,2,4170
2020/05/31,2545,52,69,0,4464
2020/06/01,2565,52,20,0,3384
2020/06/02,2637,53,72,1,3609
2020/06/03,2707,54,70,1,4695
2020/06/04,2869,55,162,1,6664
2020/06/05,2936,55,67,0,5800
2020/06/06,3016,61,80,6,7836
2020/06/07,3108,61,92,0,5454
2020/06/08,3175,62,67,1,4417
2020/06/09,3255,62,80,0,4804
2020/06/10,3347,64,92,2,5826
2020/06/11,3472,64,125,0,5762
2020/06/12,3573,64,101,0,6151
2020/06/13,3763,64,190,0,5275
2020/06/14,3874,69,111,5,6544
2020/06/15,3959,69,85,0,5181
2020/06/16,4048,73,89,4,4529
2020/06/17,4238,73,190,0,6693
2020/06/18,4360,73,122,0,3983
2020/06/19,4548,80,188,7,6211
2020/06/20,4806,83,258,3,6372
2020/06/21,5030,84,224,1,6617
2020/06/22,5278,87,248,3,4824
2020/06/23,5625,91,347,4,5685
2020/06/24,6075,91,450,0,6554
2020/06/25,6590,106,515,15,8282
2020/06/26,7090,106,500,0,6356
2020/06/27,7786,109,696,3,6896
2020/06/28,8433,109,647,0,7313
2020/06/29,9041,115,608,6,5745
2020/06/30,9674,126,633,11,6341
2020/07/01,10632,136,958,10,7093
2020/07/02,11669,152,1037,16,7527
2020/07/03,12757,162,1088,10,7496
2020/07/04,13984,162,1227,0,9013
2020/07/05,15146,183,1162,21,7315
2020/07/06,15819,183,673,0,6521
2020/07/07,16743,205,924,22,8340
2020/07/08,17962,223,1219,18,7081
2020/07/09,19630,249,1668,26,10789
2020/07/10,21386,260,1756,11,10883
2020/07/11,23753,273,2367,13,9861
2020/07/12,25572,280,1819,7,8801
2020/07/13,27387,286,1815,6,7728
2020/07/14,30587,313,3200,27,7321
2020/07/15,32939,317,2352,4,8718
2020/07/16,35604,358,2665,41,8988
2020/07/17,37722,378,2118,20,9244
2020/07/18,40086,401,2364,23,9544
2020/07/19,43215,416,3129,15,9413
2020/07/20,45614,429,2399,13,6511
2020/07/21,47685,459,2071,30,6007
2020/07/22,50521,477,2836,18,9326
2020/07/23,53406,515,2885,38,8957
2020/07/24,57162,565,3756,50,10061
2020/07/25,60532,602,3370,37,8898
2020/07/26,64061,614,3529,12,8253
2020/07/27,65982,623,1921,9,5461
2020/07/28,68101,685,2119,62,5459
2020/07/29,71240,712,3139,27,8168
2020/07/30,73919,767,2679,55,8621
2020/07/31,76706,803,2787,36,7968
2020/08/01,79607,844,2901,41,8153
2020/08/02,82300,875,2693,31,6683
2020/08/03,84361,887,2061,12,4209
2020/08/04,85986,976,1625,89,3747
2020/08/05,87798,1038,1812,62,6720
2020/08/06,90115,1116,2317,78,7033
2020/08/07,92444,1192,2329,76,6502
2020/08/08,95648,1346,3204,154,7031
2020/08/09,98068,1409,2420,63,5823
2020/08/10,99386,1420,1318,11,3248
2020/08/11,100494,1450,1108,30,2206
2020/08/12,101499,1524,1005,74,3161
2020/08/13,102233,1563,734,39,3854
2020/08/14,103744,1617,1511,54,6840
2020/08/15,104619,1651,875,34,5170
2020/08/16,105383,1672,764,21,4343
2020/08/17,106037,1686,654,14,2887
2020/08/18,106565,1743,528,57,2819
2020/08/19,107271,1788,706,45,4864
2020/08/20,108080,1824,809,36,4727
2020/08/21,108788,1905,708,81,4653
2020/08/22,109332,1936,544,31,5870
2020/08/23,109841,1948,509,12,3526
2020/08/24,110102,1962,261,14,2044
2020/08/25,110521,1997,419,35,2837
2020/08/26,111096,2054,575,57,3868
2020/08/27,111585,2102,489,48,3651
2020/08/28,111863,2116,278,14,2752
2020/08/29,112291,2135,428,19,3968
2020/08/30,112726,2138,435,3,4207
2020/08/31,113006,2139,280,1,3620
2020/09/01,113237,2152,231,13,2245
2020/09/02,113661,2164,424,12,4094
2020/09/03,114034,2203,373,39,3914
2020/09/04,114360,2218,326,15,3572
2020/09/05,114646,2263,286,45,3481
2020/09/06,114824,2294,178,31,3144
2020/09/07,114904,2319,80,25,1682
2020/09/08,115081,2346,177,27,2346
2020/09/09,115372,2356,291,10,4175
2020/09/10,115658,2373,286,17,3948
2020/09/11,115939,2392,281,19,3978
2020/09/12,116167,2403,228,11,3576
2020/09/13,116389,2407,222,4,3014
2020/09/14,116513,2409,124,2,1947
2020/09/15,116674,2425,161,16,2229
2020/09/16,116910,2449,236,24,4026
2020/09/17,117147,2469,237,20,4294
2020/09/18,117360,2478,213,9,3852
2020/09/19,117569,2530,209,52,4047
2020/09/20,117743,2531,174,1,3243
2020/09/21,117833,2532,90,1,1187
2020/09/22,117972,2586,139,54,3149
2020/09/23,118174,2604,202,18,3772
2020/09/24,118350,2612,176,8,3535
2020/09/25,118489,2617,139,5,2865
2020/09/26,118608,2621,119,4,2182
2020/09/27,118731,2626,123,5,2886
2020/09/28,118797,2627,66,1,1731
2020/09/29,118889,2638,92,11,2307
2020/09/30,119072,2675,183,37,4499
2020/10/01,119212,2724,140,49,4059
2020/10/02,119346,2732,134,8,3968
2020/10/03,119489,2743,143,11,4188
2020/10/04,119608,2743,119,0,3479
2020/10/05,119694,2743,86,0,2058
2020/10/06,119769,2778,75,35,2803
2020/10/07,119930,2820,161,42,4530
2020/10/08,120044,2925,114,105,4067
2020/10/09,120160,2990,116,65,3922
2020/10/10,120295,3000,135,10,5391
2020/10/11,120418,3004,123,4,3701
2020/10/12,120477,3006,59,2,2108
2020/10/13,120566,3056,89,50,2984
2020/10/14,120720,3073,154,17,4762
2020/10/15,120859,3111,139,38,4343
2020/10/16,121049,3122,190,11,4644
2020/10/17,121174,3122,125,0,4342
2020/10/18,121344,3176,170,54,4098
2020/10/19,121436,3139,92,-37,3170
2020/10/20,121528,3148,92,9,2951
2020/10/21,121647,3160,119,12,5097
2020/10/22,121802,3177,155,17,4953
2020/10/23,121970,3183,168,6,4503
2020/10/24,122138,3190,168,7,4000
2020/10/25,122263,3191,125,1,3841
2020/10/26,122342,3192,79,1,2202
2020/10/27,122447,3197,105,5,3356
2020/10/28,122624,3209,177,12,4940
2020/10/29,122807,3214,183,5,4804
2020/10/30,122954,3222,147,8,4459
2020/10/31,123124,3225,170,3,4254
2020/11/01,123257,3225,133,0,3754
2020/11/02,123310,3226,53,1,1998
2020/11/03,123387,3232,77,6,3014
2020/11/04,123497,3237,110,5,4816
2020/11/05,123617,3241,120,4,4599
2020/11/06,123737,3249,120,8,4436
2020/11/07,123886,3255,149,6,4313
2020/11/08,124011,3255,125,0,3316
2020/11/09,124094,3255,83,0,2428
2020/11/10,124196,3267,102,12,3317
2020/11/11,124325,3268,129,1,5269
2020/11/12,124453,3269,128,1,4931
2020/11/13,124592,3276,139,7,4500
2020/11/14,124774,3281,182,5,4513
2020/11/15,124897,3287,123,6,3805
2020/11/16,124958,3287,61,0,2450
2020/11/17,125102,3294,144,7,3444
2020/11/18,125282,3297,180,3,5513
2020/11/19,125438,3306,156,9,4697
2020/11/20,125721,3307,283,1,5574
2020/11/21,125901,3309,180,2,4995
2020/11/22,126034,3309,133,0,4207
2020/11/23,126130,3309,96,0,2761
2020/11/24,126290,3319,160,10,3897
2020/11/25,126635,3321,345,2,5654
2020/11/26,126866,3323,231,2,5380
2020/11/27,127219,3328,353,5,3227
2020/11/28,127506,3340,287,12,3227
2020/11/29,127670,3340,164,0,3227
2020/11/30,127842,3343,172,3,3227
2020/12/01,128152,3355,310,12,3227
2020/12/02,128697,3367,545,12,3227
2020/12/03,129276,3372,579,5,3227
2020/12/04,129889,3382,613,10,6418
2020/12/05,130560,3388,671,6,6116
2020/12/06,131350,3388,790,0,5135
2020/12/07,131725,3393,375,5,3698
2020/12/08,132607,3406,882,13,5402
2020/12/09,134184,3413,1577,7,9646
2020/12/10,135853,3423,1669,10,8683
2020/12/11,137752,3443,1899,20,8465
2020/12/12,139366,3453,1614,10,7723
2020/12/13,141372,3457,2006,4,7572
2020/12/14,142924,3462,1552,5,4811
2020/12/15,144076,3485,1152,23,6981
2020/12/16,146819,3510,2743,25,9242
2020/12/17,149182,3518,2363,8,8171
2020/12/18,151622,3574,2440,56,7827
2020/12/19,154535,3635,2913,61,9294
2020/12/20,157432,3643,2897,8,7772
2020/12/21,160261,3658,2829,15,6885
2020/12/22,162680,3703,2419,45,7499
2020/12/23,166877,3793,4197,90,10381
2020/12/24,171455,3874,4578,81,10758
2020/12/25,176131,3901,4676,27,10031
2020/12/26,180250,3958,4119,57,7264
2020/12/27,183653,3971,3403,13,5665
2020/12/28,185946,4020,2293,49,4553
2020/12/29,188782,4134,2836,114,6042
2020/12/30,194629,4278,5847,144,10233
2020/12/31,199983,4394,5354,116,10650
2021/01/01,204959,4528,4976,134,9625
2021/01/02,209691,4557,4732,29,9011
2021/01/03,213473,4642,3782,85,7034
2021/01/04,217432,4713,3959,71,7187
2021/01/05,223487,4805,6055,92,9195
2021/01/06,230283,4870,6796,65,13457
2021/01/07,236177,5002,5894,132,13305
2021/01/08,241740,5074,5563,72,14636
2021/01/09,247647,5170,5907,96,14822
2021/01/10,252115,5241,4468,71,12109
2021/01/11,255819,5279,3704,38,10083
2021/01/12,259100,5497,3281,218,9733
2021/01/13,264532,5732,5432,235,13768
2021/01/14,269632,5964,5100,232,14373
2021/01/15,273452,6153,3820,189,12525
2021/01/16,276794,6278,3342,125,11523
2021/01/17,279974,6318,3180,40,10506
2021/01/18,283176,6409,3202,91,7664
2021/01/19,287042,6672,3866,263,8960
2021/01/20,290356,6890,3314,218,11919
2021/01/21,293013,7044,2657,154,11244
2021/01/22,295949,7177,2936,133,11957
2021/01/23,299740,7302,3791,125,12320
2021/01/24,302582,7372,2842,70,8858
2021/01/25,304155,7432,1573,60,5016
2021/01/26,306234,7738,2079,306,7592
2021/01/27,308176,7999,1942,261,9424
2021/01/28,310076,8248,1900,249,9297
2021/01/29,311877,8443,1801,195,9094
2021/01/30,313681,8555,1804,112,7979
2021/01/31,315033,8578,1352,23,6545
2021/02/01,315762,8588,729,10,4139
2021/02/02,316780,8731,1018,143,5559
2021/02/03,317824,8869,1044,138,7605
2021/02/04,318797,8925,973,56,5960
2021/02/05,319716,8960,919,35,6963
2021/02/06,320579,9069,863,109,6374
