date,cum_diagnoses,cum_deaths,new_diagnoses,new_deaths,new_tests
2020/03/05,0,0,0,0,0
2020/03/06,0,0,0,0,36
2020/03/07,2,0,2,0,41
2020/03/08,0,0,0,0,0
2020/03/09,0,0,0,0,0
2020/03/10,0,0,0,0,0
2020/03/11,13,0,11,0,404
2020/03/12,16,0,3,0,203
2020/03/13,24,0,8,0,76
2020/03/14,38,0,14,0,93
2020/03/15,51,0,13,0,459
2020/03/16,62,0,11,0,929
2020/03/17,85,0,23,0,506
2020/03/18,116,0,31,0,159
2020/03/19,150,0,34,0,1762
2020/03/20,202,0,52,0,1606
2020/03/21,240,0,38,0,987
2020/03/22,274,0,34,0,1890
2020/03/23,402,0,128,0,3500
2020/03/24,554,0,152,0,2714
2020/03/25,709,0,155,0,2471
2020/03/26,927,0,218,0,2471
2020/03/27,1170,1,243,1,8066
2020/03/28,1187,1,17,0,3426
2020/03/29,1280,2,93,1,3630
2020/03/30,1326,3,46,1,2816
2020/03/31,1353,5,27,2,2663
2020/04/01,1380,5,27,0,3220
2020/04/02,1462,5,82,0,3673
2020/04/03,1505,9,43,4,2396
2020/04/04,1585,9,80,0,3576
2020/04/05,1655,11,70,2,2936
2020/04/06,1686,12,31,1,1225
2020/04/07,1749,13,63,1,2839
2020/04/08,1845,18,96,5,2839
2020/04/09,1934,18,89,0,5098
2020/04/10,2003,24,69,6,4154
2020/04/11,2028,25,25,1,2025
2020/04/12,2173,25,145,0,5032
2020/04/13,2272,27,99,2,3578
2020/04/14,2415,27,143,0,3359
2020/04/15,2506,34,91,7,3493
2020/04/16,2605,48,99,14,4545
2020/04/17,2783,50,178,2,5767
2020/04/18,3034,52,251,2,7374
2020/04/19,3158,54,124,2,6510
2020/04/20,3300,58,142,4,6799
2020/04/21,3465,58,165,0,5427
2020/04/22,3635,65,170,7,6837
2020/04/23,3953,75,318,10,9796
2020/04/24,4220,79,267,4,8820
2020/04/25,4361,86,141,7,8614
2020/04/26,4546,87,185,1,7639
2020/04/27,4793,90,247,3,9827
2020/04/28,4996,93,203,3,7027
2020/04/29,5350,103,354,10,11630
2020/04/30,5647,103,297,0,10403
2020/05/01,5951,116,304,13,9992
2020/05/02,6336,123,385,7,13164
2020/05/03,6783,131,447,8,15061
2020/05/04,7220,138,437,7,11794
2020/05/05,7572,148,352,10,10523
2020/05/06,7808,153,236,5,11315
2020/05/07,8232,161,424,8,12774
2020/05/08,8895,178,663,17,15599
2020/05/09,9420,186,525,8,16327
2020/05/10,10015,194,595,8,17257
2020/05/11,10652,206,637,12,14731
2020/05/12,11350,206,698,0,13630
2020/05/13,12074,219,724,13,16655
2020/05/14,12739,238,665,19,16666
2020/05/15,13524,247,785,9,18537
2020/05/16,14355,261,831,14,18004
2020/05/17,15515,264,1160,3,21314
2020/05/18,16433,286,918,22,14198
2020/05/19,17200,312,767,26,13538
2020/05/20,18003,339,803,27,17252
2020/05/21,19137,369,1134,30,19572
2020/05/22,20125,397,988,28,17599
2020/05/23,21343,407,1218,10,21338
2020/05/24,22583,429,1240,22,19485
2020/05/25,23615,481,1032,52,12922
2020/05/26,24264,524,649,43,9214
2020/05/27,25937,552,1673,28,29005
2020/05/28,27403,577,1466,25,20727
2020/05/29,29240,611,1837,34,24452
2020/05/30,30967,643,1727,32,21708
2020/05/31,32683,683,1716,40,23242
2020/06/01,34357,705,1674,22,17617
2020/06/02,35812,755,1455,50,18792
2020/06/03,37525,792,1713,37,24445
2020/06/04,40792,848,3267,56,34696
2020/06/05,43434,908,2642,60,30196
2020/06/06,45973,952,2539,44,40797
2020/06/07,48285,998,2312,46,28396
2020/06/08,50879,1080,2594,82,22995
2020/06/09,52991,1162,2112,82,25011
2020/06/10,55421,1210,2430,48,30330
2020/06/11,58568,1284,3147,74,29999
2020/06/12,61927,1354,3359,70,32026
2020/06/13,65736,1423,3809,69,27462
2020/06/14,70038,1480,4302,57,34071
2020/06/15,73533,1568,3495,88,26975
2020/06/16,76334,1625,2801,57,23580
2020/06/17,80412,1674,4078,49,34847
2020/06/18,83890,1737,3478,63,20738
2020/06/19,87715,1831,3825,94,32336
2020/06/20,92681,1877,4966,46,33174
2020/06/21,97302,1930,4621,53,34452
2020/06/22,101590,1991,4288,61,25116
2020/06/23,106108,2101,4518,110,29596
2020/06/24,111796,2205,5688,104,34122
2020/06/25,118375,2292,6579,87,43118
2020/06/26,124590,2340,6215,48,33092
2020/06/27,131800,2413,7210,73,35905
2020/06/28,138134,2456,6334,43,38075
2020/06/29,144264,2529,6130,73,29911
2020/06/30,151209,2657,6945,128,33013
2020/07/01,159333,2749,8124,92,36931
2020/07/02,168061,2844,8728,95,39188
2020/07/03,177124,2952,9063,108,39026
2020/07/04,187977,3026,10853,74,46925
2020/07/05,196750,3199,8773,173,38083
2020/07/06,205721,3310,8971,111,33950
2020/07/07,215855,3502,10134,192,43421
2020/07/08,224665,3602,8810,100,36867
2020/07/09,238339,3720,13674,118,56170
2020/07/10,250687,3860,12348,140,56663
2020/07/11,264184,3971,13497,111,51338
2020/07/12,276242,4079,12058,108,45821
2020/07/13,287796,4172,11554,93,40233
2020/07/14,298292,4346,10496,174,38114
2020/07/15,311049,4453,12757,107,45389
2020/07/16,324221,4669,13172,216,46796
2020/07/17,337594,4804,13373,135,48130
2020/07/18,350879,4948,13285,144,49688
2020/07/19,364328,5033,13449,85,49006
2020/07/20,373628,5173,9300,140,33899
2020/07/21,381798,5368,8170,195,31275
2020/07/22,394948,5940,13150,572,48553
2020/07/23,408052,6093,13104,153,46632
2020/07/24,421996,6343,13944,250,52382
2020/07/25,434200,6655,12204,312,46324
2020/07/26,445433,6769,11233,114,42966
2020/07/27,452529,7067,7096,298,28433
2020/07/28,459761,7257,7232,190,28424
2020/07/29,471123,7497,11362,240,42528
2020/07/30,482169,7812,11046,315,44886
2020/07/31,493183,8005,11014,193,41486
2020/08/01,503290,8153,10107,148,42450
2020/08/02,511485,8366,8195,213,34794
2020/08/03,516862,8539,5377,173,21916
2020/08/04,521318,8884,4456,345,19507
2020/08/05,529877,9298,8559,414,34989
2020/08/06,538184,9604,8307,306,36616
2020/08/07,545476,9909,7292,305,33851
2020/08/08,553188,10210,7712,301,36607
2020/08/09,559858,10408,6670,198,30318
2020/08/10,563598,10621,3740,213,16911
2020/08/11,566109,10751,2511,130,11483
2020/08/12,568919,11010,2810,259,16457
2020/08/13,572865,11270,3946,260,20063
2020/08/14,579140,11556,6275,286,35614
2020/08/15,583653,11677,4513,121,26918
2020/08/16,587345,11839,3692,162,22609
2020/08/17,589886,11982,2541,143,15032
2020/08/18,592144,12264,2258,282,14677
2020/08/19,596060,12423,3916,159,25324
2020/08/20,599940,12618,3880,195,24612
2020/08/21,603338,12843,3398,225,24224
2020/08/22,607045,12987,3707,144,30560
2020/08/23,609773,13059,2728,72,18358
2020/08/24,611450,13159,1677,100,10640
2020/08/25,613017,13308,1567,149,14771
2020/08/26,615701,13502,2684,194,20137
2020/08/27,618286,13628,2585,126,19009
2020/08/28,620123,13743,1837,115,14329
2020/08/29,622551,13981,2428,238,20659
2020/08/30,625056,14028,2505,47,21902
2020/08/31,627041,14149,1985,121,18849
2020/09/01,628259,14263,1218,114,11687
2020/09/02,630595,14389,2336,126,21313
2020/09/03,633015,14563,2420,174,20380
2020/09/04,635078,14678,2063,115,18599
2020/09/05,636884,14779,1806,101,18123
2020/09/06,638517,14889,1633,110,16367
2020/09/07,639362,15004,845,115,8759
2020/09/08,640441,15086,1079,82,12213
2020/09/09,642431,15168,1990,82,21736
2020/09/10,644438,15265,2007,97,20555
2020/09/11,646398,15378,1960,113,20713
2020/09/12,648214,15427,1816,49,18620
2020/09/13,649793,15447,1579,20,15692
2020/09/14,650749,15499,956,52,10136
2020/09/15,651521,15641,772,142,11603
2020/09/16,653444,15705,1923,64,20962
2020/09/17,655572,15772,2128,67,22354
2020/09/18,657627,15857,2055,85,20057
2020/09/19,659656,15940,2029,83,21069
2020/09/20,661211,15953,1555,13,16884
2020/09/21,661936,15992,725,39,6180
2020/09/22,663282,16118,1346,126,16394
2020/09/23,665188,16206,1906,88,19640
2020/09/24,667049,16283,1861,77,18405
2020/09/25,668529,16312,1480,29,14917
2020/09/26,669498,16376,969,64,11359
2020/09/27,670766,16398,1268,22,15028
2020/09/28,671669,16586,903,188,9014
2020/09/29,672572,16667,903,81,12011
2020/09/30,674339,16734,1767,67,23426
2020/10/01,676084,16866,1745,132,21132
2020/10/02,677833,16909,1749,43,20660
2020/10/03,679716,16938,1883,29,21804
2020/10/04,681289,16976,1573,38,18113
2020/10/05,682215,17016,926,40,10714
2020/10/06,683242,17103,1027,87,14591
2020/10/07,685155,17248,1913,145,23583
2020/10/08,686891,17408,1736,160,21172
2020/10/09,688532,17547,1641,139,20419
2020/10/10,690896,17673,2364,126,28066
2020/10/11,692471,17780,1575,107,19270
2020/10/12,693359,17863,888,83,10977
2020/10/13,694537,18028,1178,165,15534
2020/10/14,696414,18151,1877,123,24793
2020/10/15,698184,18309,1770,158,22609
2020/10/16,700203,18370,2019,61,24179
2020/10/17,702131,18408,1928,38,22608
2020/10/18,703793,18471,1662,63,21337
2020/10/19,705254,18492,1461,21,16502
2020/10/20,706304,18656,1050,164,15366
2020/10/21,708359,18741,2055,85,26537
2020/10/22,710515,18843,2156,102,25788
2020/10/23,712412,18891,1897,48,23445
2020/10/24,714246,18944,1834,53,20826
2020/10/25,715868,18968,1622,24,19997
2020/10/26,716759,19008,891,40,11464
2020/10/27,717851,19053,1092,45,17472
2020/10/28,719714,19111,1863,58,25721
2020/10/29,721770,19164,2056,53,25013
2020/10/30,723682,19230,1912,66,23214
2020/10/31,725452,19276,1770,46,22150
2020/11/01,726823,19411,1371,135,19543
2020/11/02,727595,19465,772,54,10402
2020/11/03,728836,19539,1241,74,15692
2020/11/04,730548,19585,1712,46,25073
2020/11/05,732414,19677,1866,92,23942
2020/11/06,734175,19749,1761,72,23094
2020/11/07,735906,19789,1731,40,22455
2020/11/08,737278,19809,1372,20,17266
2020/11/09,738525,19845,1247,36,12641
2020/11/10,740254,19951,1729,106,17269
2020/11/11,742394,20011,2140,60,27432
2020/11/12,744732,20076,2338,65,25675
2020/11/13,746945,20153,2213,77,23430
2020/11/14,749182,20206,2237,53,23497
2020/11/15,751024,20241,1842,35,19808
2020/11/16,752269,20314,1245,73,12755
2020/11/17,754256,20433,1987,119,17930
2020/11/18,757144,20556,2888,123,28703
2020/11/19,759658,20671,2514,115,24456
2020/11/20,762763,20759,3105,88,29019
2020/11/21,765409,20845,2646,86,26007
2020/11/22,767679,20903,2270,58,21904
2020/11/23,769759,20968,2080,65,14377
2020/11/24,772252,21083,2493,115,20288
2020/11/25,775502,21201,3250,118,29437
2020/11/26,778571,21289,3069,88,28010
2020/11/27,781941,21378,3370,89,16799
2020/11/28,785139,21439,3198,61,16799
2020/11/29,787702,21477,2563,38,16799
2020/11/30,790004,21535,2302,58,16799
2020/12/01,792299,21644,2295,109,16799
2020/12/02,796472,21709,4173,65,16799
2020/12/03,800872,21803,4400,94,16799
2020/12/04,805804,21963,4932,160,33415
2020/12/05,810449,22067,4645,104,31844
2020/12/06,814565,22206,4116,139,26735
2020/12/07,817878,22249,3313,43,19252
2020/12/08,821889,22432,4011,183,28127
2020/12/09,828598,22574,6709,142,50221
2020/12/10,836764,22747,8166,173,45207
2020/12/11,845083,22952,8319,205,44074
2020/12/12,852965,23106,7882,154,40211
2020/12/13,860964,23276,7999,170,39423
2020/12/14,866127,23451,5163,175,25049
2020/12/15,873679,23661,7552,210,36347
2020/12/16,883687,23827,10008,166,48118
2020/12/17,892813,24011,9126,184,42543
2020/12/18,901538,24285,8725,274,40751
2020/12/19,912477,24539,10939,254,48387
2020/12/20,921922,24691,9445,152,40466
2020/12/21,930711,24907,8789,216,35844
2020/12/22,940212,25246,9501,339,39045
2020/12/23,954258,25657,14046,411,54048
2020/12/24,968563,25983,14305,326,56008
2020/12/25,983359,26276,14796,293,52223
2020/12/26,994911,26521,11552,245,37817
2020/12/27,1004413,26735,9502,214,29494
2020/12/28,1011871,27071,7458,336,23707
2020/12/29,1021451,27568,9580,497,31457
2020/12/30,1039161,28033,17710,465,53279
2020/12/31,1057161,28469,18000,436,55447
2021/01/01,1073887,28887,16726,418,50110
2021/01/02,1088889,29175,15002,288,46913
2021/01/03,1100748,29577,11859,402,36622
2021/01/04,1113349,30011,12601,434,37419
2021/01/05,1127759,30524,14410,513,47875
2021/01/06,1149591,31368,21832,844,70060
2021/01/07,1170590,31809,20999,441,69271
2021/01/08,1192570,32425,21980,616,76202
2021/01/09,1214176,32824,21606,399,77167
2021/01/10,1231597,33163,17421,339,63046
2021/01/11,1246643,33579,15046,416,52496
2021/01/12,1259748,34334,13105,755,50671
2021/01/13,1278303,35140,18555,806,71681
2021/01/14,1296806,35852,18503,712,74830
2021/01/15,1311686,36467,14880,615,65209
2021/01/16,1325659,36851,13973,384,59994
2021/01/17,1337926,37105,12267,254,54696
2021/01/18,1346936,37449,9010,344,39901
2021/01/19,1356716,38288,9780,839,46648
2021/01/20,1369426,38854,12710,566,62054
2021/01/21,1380807,39501,11381,647,58540
2021/01/22,1392568,40076,11761,575,62251
2021/01/23,1404839,40574,12271,498,64143
2021/01/24,1412986,40874,8147,300,46119
2021/01/25,1417537,41117,4551,243,26113
2021/01/26,1423578,41797,6041,680,39529
2021/01/27,1430648,42550,7070,753,49065
2021/01/28,1437798,43105,7150,555,48406
2021/01/29,1443939,43633,6141,528,47345
2021/01/30,1449236,43951,5297,318,41540
2021/01/31,1453761,44164,4525,213,34076
2021/02/01,1456309,44399,2548,235,21549
2021/02/02,1458958,44946,2649,547,28942
2021/02/03,1463016,45344,4058,398,39596
2021/02/04,1466767,45605,3751,261,31032
2021/02/05,1470516,45902,3749,297,36250
2021/02/06,1473700,46180,3184,278,33187
2021/02/07,1476135,46290,2435,110,26055
2021/02/08,1477511,46473,1376,183,15599
2021/02/09,1479253,46869,1742,396,26859
2021/02/10,1482412,47145,3159,276,35195
2021/02/11,1484900,47382,2488,237,32265
2021/02/12,1487681,47670,2781,288,35718
2021/02/13,1490063,47821,2382,151,31149
2021/02/14,1491807,47899,1744,78,24470
2021/02/15,1492909,48094,1102,195,15778
2021/02/16,1494119,48313,1210,219,24486
2021/02/17,1496439,48478,2320,165,35413
2021/02/18,1498766,48708,2327,230,34556
2021/02/19,1500677,48859,1911,151,31638
2021/02/20,1502367,48940,1690,81,28722
2021/02/21,1503796,49053,1429,113,24856
2021/02/22,1504588,49150,792,97,15342
2021/02/23,1505586,49413,998,263,25093
2021/02/24,1507448,49523,1862,110,34510
2021/02/25,1509124,49667,1676,144,31862
2021/02/26,1510778,49784,1654,117,28752
2021/02/27,1512225,49941,1447,157,26569
2021/02/28,1513393,49993,1168,52,22836
2021/03/01,1513959,50077,566,84,12794
2021/03/02,1514815,50271,856,194,23753
2021/03/03,1516262,50366,1447,95,33498
2021/03/04,1517666,50462,1404,96,30799
2021/03/05,1518979,50566,1313,104,29024
2021/03/06,1520206,50647,1227,81,29156
2021/03/07,1521068,50678,862,31,18989
2021/03/08,1521706,50803,638,125,13630
2021/03/09,1522697,50906,991,103,30762
2021/03/10,1524174,51015,1477,109,36217
2021/03/11,1525648,51110,1474,95,33493
2021/03/12,1526873,51179,1225,69,24133
2021/03/13,1528414,51261,1541,82,32862
2021/03/14,1529420,51326,1006,65,23903
2021/03/15,1530033,51421,613,95,15023
2021/03/16,1530966,51560,933,139,24920
2021/03/17,1532497,51634,1531,74,34419
2021/03/18,1533961,51724,1464,90,31550
2021/03/19,1535423,52035,1462,311,28519
