date,cum_diagnoses,cum_deaths,new_diagnoses,new_deaths,new_tests
2020/03/05,0,0,0,0,42
2020/03/06,0,0,0,0,9
2020/03/07,1,0,1,0,11
2020/03/08,1,0,0,0,0
2020/03/09,1,0,0,0,0
2020/03/10,1,0,0,0,0
2020/03/11,5,0,4,0,104
2020/03/12,6,0,1,0,52
2020/03/13,10,0,4,0,20
2020/03/14,17,0,7,0,24
2020/03/15,24,0,7,0,119
2020/03/16,31,0,7,0,240
2020/03/17,45,0,14,0,131
2020/03/18,61,0,16,0,41
2020/03/19,76,0,15,0,455
2020/03/20,109,0,33,0,415
2020/03/21,125,0,16,0,255
2020/03/22,132,0,7,0,488
2020/03/23,207,0,75,0,904
2020/03/24,302,0,95,0,701
2020/03/25,319,0,17,0,0
2020/03/26,409,0,90,0,1276
2020/03/27,409,0,0,0,2083
2020/03/28,533,0,124,0,885
2020/03/29,584,0,51,0,937
2020/03/30,618,0,34,0,727
2020/03/31,633,1,15,1,688
2020/04/01,645,1,12,0,831
2020/04/02,663,1,18,0,948
2020/04/03,672,1,9,0,619
2020/04/04,693,1,21,0,923
2020/04/05,704,1,11,0,758
2020/04/06,713,1,9,0,316
2020/04/07,713,1,0,0,0
2020/04/08,782,3,69,2,1466
2020/04/09,795,3,13,0,1316
2020/04/10,801,3,6,0,1073
2020/04/11,813,3,12,0,523
2020/04/12,865,3,52,0,1299
2020/04/13,890,4,25,1,924
2020/04/14,909,4,19,0,867
2020/04/15,930,5,21,1,902
2020/04/16,969,6,39,1,1174
2020/04/17,1018,6,49,0,1489
2020/04/18,1101,6,83,0,1904
2020/04/19,1148,6,47,0,1681
2020/04/20,1170,7,22,1,1756
2020/04/21,1199,7,29,0,1401
2020/04/22,1224,7,25,0,1765
2020/04/23,1252,8,28,1,2529
2020/04/24,1281,8,29,0,2277
2020/04/25,1304,8,23,0,2224
2020/04/26,1331,8,27,0,1972
2020/04/27,1353,8,22,0,2537
2020/04/28,1377,8,24,0,1814
2020/04/29,1408,11,31,3,3003
2020/04/30,1446,11,38,0,2686
2020/05/01,1507,11,61,0,2580
2020/05/02,1598,12,91,1,3399
2020/05/03,1624,14,26,2,3889
2020/05/04,1651,14,27,0,3045
2020/05/05,1697,15,46,1,2717
2020/05/06,1720,15,23,0,2922
2020/05/07,1804,15,84,0,3298
2020/05/08,1851,18,47,3,4028
2020/05/09,1910,19,59,1,4216
2020/05/10,1952,22,42,3,4456
2020/05/11,1971,22,19,0,3804
2020/05/12,2014,22,43,0,3519
2020/05/13,2074,24,60,2,4300
2020/05/14,2135,24,61,0,4303
2020/05/15,2210,24,75,0,4786
2020/05/16,2262,25,52,1,4649
2020/05/17,2329,25,67,0,5503
2020/05/18,2343,26,14,1,3666
2020/05/19,2361,27,18,1,3496
2020/05/20,2400,27,39,0,4455
2020/05/21,2453,27,53,0,5054
2020/05/22,2521,29,68,2,4544
2020/05/23,2633,29,112,0,5510
2020/05/24,2773,29,140,0,5031
2020/05/25,2993,30,220,1,3337
2020/05/26,3043,31,50,1,2379
2020/05/27,3167,31,124,0,7489
2020/05/28,3329,31,162,0,5352
2020/05/29,3583,31,254,0,6314
2020/05/30,3773,31,190,0,5605
2020/05/31,4003,33,230,2,6001
2020/06/01,4231,33,228,0,4549
2020/06/02,4276,33,45,0,4852
2020/06/03,4567,33,291,0,6312
2020/06/04,4845,33,278,0,8959
2020/06/05,5215,40,370,7,7797
2020/06/06,5626,47,411,7,10534
2020/06/07,5946,47,320,0,7332
2020/06/08,6258,47,312,0,5937
2020/06/09,6546,57,288,10,6458
2020/06/10,7195,57,649,0,7831
2020/06/11,7953,57,758,0,7746
2020/06/12,8781,57,828,0,8269
2020/06/13,9897,81,1116,24,7091
2020/06/14,11164,81,1267,0,8797
2020/06/15,12193,87,1029,6,6965
2020/06/16,13023,87,830,0,6089
2020/06/17,14620,87,1597,0,8998
2020/06/18,15898,87,1278,0,5355
2020/06/19,17261,114,1363,27,8349
2020/06/20,18978,114,1717,0,8566
2020/06/21,20822,122,1844,8,8896
2020/06/22,22341,122,1519,0,6485
2020/06/23,24041,122,1700,0,7642
2020/06/24,26156,147,2115,25,8811
2020/06/25,28746,149,2590,2,11133
2020/06/26,31344,149,2598,0,8545
2020/06/27,34285,166,2941,17,9271
2020/06/28,36895,174,2610,8,9831
2020/06/29,39841,180,2946,6,7723
2020/06/30,42881,216,3040,36,8524
2020/07/01,45944,244,3063,28,9536
2020/07/02,49937,282,3993,38,10119
2020/07/03,54331,282,4394,0,10077
2020/07/04,59373,282,5042,0,12116
2020/07/05,63404,353,4031,71,9833
2020/07/06,66891,403,3487,50,8766
2020/07/07,71488,478,4597,75,11212
2020/07/08,75015,478,3527,0,9519
2020/07/09,81546,515,6531,37,14503
2020/07/10,87033,554,5487,39,14631
2020/07/11,93044,580,6011,26,13256
2020/07/12,98431,644,5387,64,11831
2020/07/13,103713,644,5282,0,10388
2020/07/14,107070,726,3357,82,9841
2020/07/15,112714,767,5644,41,11720
2020/07/16,117895,853,5181,86,12083
2020/07/17,123408,917,5513,64,12427
2020/07/18,128604,956,5196,39,12830
2020/07/19,133617,986,5013,30,12654
2020/07/20,136879,999,3262,13,8753
2020/07/21,139435,1042,2556,43,8075
2020/07/22,144582,1156,5147,114,12537
2020/07/23,148854,1187,4272,31,12041
2020/07/24,153020,1326,4166,139,13525
2020/07/25,156821,1535,3801,209,11961
2020/07/26,160154,1564,3333,29,11094
2020/07/27,162319,1625,2165,61,7342
2020/07/28,164584,1680,2265,55,7339
2020/07/29,168369,1836,3785,156,10981
2020/07/30,171574,1932,3205,96,11590
2020/07/31,175272,2035,3698,103,10712
2020/08/01,178119,2075,2847,40,10961
2020/08/02,180532,2115,2413,40,8984
2020/08/03,181946,2152,1414,37,5659
2020/08/04,183090,2268,1144,116,5037
2020/08/05,185282,2313,2192,45,9034
2020/08/06,187631,2388,2349,75,9455
2020/08/07,189159,2524,1528,136,8741
2020/08/08,190999,2547,1840,23,9452
2020/08/09,192767,2579,1768,32,7828
2020/08/10,193561,2618,794,39,4367
2020/08/11,194093,2653,532,35,2965
2020/08/12,194685,2761,592,108,4249
2020/08/13,195820,2791,1135,30,5180
2020/08/14,197531,2867,1711,76,9196
2020/08/15,198671,2888,1140,21,6950
2020/08/16,199635,2915,964,27,5838
2020/08/17,200237,2929,602,14,3881
2020/08/18,200949,3018,712,89,3790
2020/08/19,202011,3061,1062,43,6539
2020/08/20,202955,3144,944,83,6355
2020/08/21,203832,3190,877,46,6255
2020/08/22,205246,3227,1414,37,7891
2020/08/23,206018,3268,772,41,4740
2020/08/24,206525,3280,507,12,2747
2020/08/25,206892,3334,367,54,3814
2020/08/26,207610,3395,718,61,5200
2020/08/27,208156,3428,546,33,4908
2020/08/28,208579,3475,423,47,3700
2020/08/29,209123,3556,544,81,5334
2020/08/30,209648,3572,525,16,5655
2020/08/31,210169,3592,521,20,4867
2020/09/01,210518,3631,349,39,3018
2020/09/02,211157,3680,639,49,5503
2020/09/03,211678,3730,521,50,5262
2020/09/04,212186,3773,508,43,4802
2020/09/05,212564,3789,378,16,4679
2020/09/06,212898,3813,334,24,4226
2020/09/07,213087,3818,189,5,2262
2020/09/08,213333,3833,246,15,3153
2020/09/09,213741,3860,408,27,5612
2020/09/10,214152,3881,411,21,5307
2020/09/11,214486,3900,334,19,5348
2020/09/12,214831,3912,345,12,4808
2020/09/13,215140,3918,309,6,4052
2020/09/14,215307,3921,167,3,2617
2020/09/15,215481,3933,174,12,2996
2020/09/16,215898,3947,417,14,5413
2020/09/17,216341,3960,443,13,5772
2020/09/18,216790,4027,449,67,5179
2020/09/19,217116,4022,326,0,5440
2020/09/20,217370,4030,254,8,4360
2020/09/21,217485,4039,115,9,1596
2020/09/22,217759,4084,274,45,4233
2020/09/23,218115,4095,356,11,5071
2020/09/24,218420,4153,305,58,4752
2020/09/25,218650,4158,230,5,3852
2020/09/26,218861,4201,211,43,2933
2020/09/27,219039,4203,178,2,3880
2020/09/28,219202,4205,163,2,2327
2020/09/29,219373,4233,171,28,3101
2020/09/30,219704,4244,331,11,6049
2020/10/01,220056,4252,352,8,5456
2020/10/02,220365,4260,309,8,5335
2020/10/03,220696,4262,331,2,5630
2020/10/04,220910,4299,214,37,4677
2020/10/05,221061,4304,151,5,2766
2020/10/06,221320,4332,259,28,3767
2020/10/07,221719,4373,399,41,6089
2020/10/08,222038,4386,319,13,5467
2020/10/09,222374,4414,336,28,5272
2020/10/10,222745,4444,371,30,7247
2020/10/11,223011,4450,266,6,4976
2020/10/12,223169,4461,158,11,2834
2020/10/13,223436,4492,267,31,4011
2020/10/14,223863,4527,427,35,6402
2020/10/15,224158,4597,295,70,5838
2020/10/16,224534,4601,376,4,6243
2020/10/17,224863,4618,329,17,5838
2020/10/18,225181,4618,318,0,5509
2020/10/19,225559,4621,378,3,4261
2020/10/20,225734,4673,175,52,3968
2020/10/21,226073,4679,339,6,6852
2020/10/22,226363,4693,290,14,6659
2020/10/23,226695,4696,332,3,6054
2020/10/24,226963,4701,268,5,5377
2020/10/25,227193,4703,230,2,5163
2020/10/26,227350,4707,157,4,2960
2020/10/27,227559,4711,209,4,4511
2020/10/28,227833,4713,274,2,6641
2020/10/29,228128,4717,295,4,6459
2020/10/30,228432,4719,304,2,5994
2020/10/31,228756,4721,324,2,5719
2020/11/01,228948,4828,192,107,5046
2020/11/02,229040,4828,92,0,2686
2020/11/03,229220,4836,180,8,4052
2020/11/04,229490,4845,270,9,6474
2020/11/05,229702,4852,212,7,6182
2020/11/06,229954,4859,252,7,5963
2020/11/07,230165,4861,211,2,5798
2020/11/08,230299,4862,134,1,4458
2020/11/09,230412,4863,113,1,3264
2020/11/10,230559,4870,147,7,4459
2020/11/11,230834,4872,275,2,7083
2020/11/12,231074,4873,240,1,6629
2020/11/13,231277,4877,203,4,6050
2020/11/14,231479,4877,202,0,6067
2020/11/15,231643,4882,164,5,5115
2020/11/16,231733,4889,90,7,3293
2020/11/17,231860,4931,127,42,4630
2020/11/18,232147,4935,287,4,7411
2020/11/19,232388,4958,241,23,6315
2020/11/20,232653,4960,265,2,7493
2020/11/21,232856,4960,203,0,6715
2020/11/22,233036,4968,180,8,5656
2020/11/23,233164,4970,128,2,3712
2020/11/24,233343,4989,179,19,5239
2020/11/25,233710,4996,367,7,7601
2020/11/26,233995,5001,285,5,7232
2020/11/27,234305,5004,310,3,4338
2020/11/28,234572,5005,267,1,4338
2020/11/29,234831,5006,259,1,4338
2020/11/30,234957,5009,126,3,4338
2020/12/01,235193,5014,236,5,4338
2020/12/02,235664,5018,471,4,4338
2020/12/03,236086,5026,422,8,4338
2020/12/04,236653,5032,567,6,8628
2020/12/05,237207,5039,554,7,8222
2020/12/06,237719,5040,512,1,6903
2020/12/07,238256,5042,537,2,4971
2020/12/08,239099,5053,843,11,7263
2020/12/09,240261,5069,1162,16,12967
2020/12/10,241495,5077,1234,8,11673
2020/12/11,242902,5097,1407,20,11380
2020/12/12,244242,5108,1340,11,10383
2020/12/13,245360,5111,1118,3,10179
2020/12/14,246116,5115,756,4,6468
2020/12/15,247394,5125,1278,10,9385
2020/12/16,249181,5135,1787,10,12424
2020/12/17,250910,5146,1729,11,10985
2020/12/18,252390,5161,1480,15,10522
2020/12/19,254649,5179,2259,18,12494
2020/12/20,256595,5180,1946,1,10449
2020/12/21,258202,5196,1607,16,9255
2020/12/22,259962,5226,1760,30,10082
2020/12/23,263166,5260,3204,34,13956
2020/12/24,266296,5282,3130,22,14462
2020/12/25,269889,5305,3593,23,13484
2020/12/26,272504,5317,2615,12,9765
2020/12/27,274272,5334,1768,17,7616
2020/12/28,276133,5356,1861,22,6121
2020/12/29,278516,5424,2383,68,8122
2020/12/30,282642,5465,4126,41,13757
2020/12/31,287018,5549,4376,84,14317
2021/01/01,291392,5615,4374,66,12939
2021/01/02,295450,5654,4058,39,12113
2021/01/03,298068,5727,2618,73,9456
2021/01/04,301212,5763,3144,36,9662
2021/01/05,304420,5827,3208,64,12362
2021/01/06,310201,5923,5781,96,18090
2021/01/07,315738,5998,5537,75,17886
2021/01/08,322707,6073,6969,75,19676
2021/01/09,328925,6142,6218,69,19925
2021/01/10,333842,6170,4917,28,16279
2021/01/11,338071,6170,4229,0,13555
2021/01/12,341460,6395,3389,225,13084
2021/01/13,346482,6606,5022,211,18509
2021/01/14,350976,6720,4494,114,19322
2021/01/15,354892,6819,3916,99,16837
2021/01/16,358462,6887,3570,68,15491
2021/01/17,361881,6946,3419,59,14123
2021/01/18,364269,7009,2388,63,10303
2021/01/19,366432,7057,2163,48,12045
2021/01/20,370264,7137,3832,80,16023
2021/01/21,373096,7230,2832,93,15115
2021/01/22,375761,7396,2665,166,16074
2021/01/23,378656,7597,2895,201,16562
2021/01/24,380381,7642,1725,45,11908
2021/01/25,381574,7675,1193,33,6743
2021/01/26,382907,7816,1333,141,10207
2021/01/27,384440,7891,1533,75,12669
2021/01/28,385706,7961,1266,70,12499
2021/01/29,386770,8087,1064,126,12225
2021/01/30,387673,8140,903,53,10726
2021/01/31,388620,8198,947,58,8799
2021/02/01,389230,8249,610,51,5564
2021/02/02,389841,8340,611,91,7473
2021/02/03,390890,8437,1049,97,10224
2021/02/04,391798,8490,908,53,8013
2021/02/05,392794,8542,996,52,9360
2021/02/06,393555,8592,761,50,8569
